1.000000e+00 9.043683e-12 2.326809e-11 1.110223e-16 9.043683e-12 1.000000e+00 2.392370e-10 3.330669e-16 2.326810e-11 2.392370e-10 9.999999e-01 -2.220446e-16
9.999967e-01 -2.220141e-03 -1.303943e-03 5.542524e-03 2.223603e-03 9.999940e-01 2.659561e-03 -3.047694e-02 1.298030e-03 -2.662451e-03 9.999956e-01 1.528975e+00
9.999915e-01 -3.006968e-03 -2.825820e-03 5.664279e-03 3.016952e-03 9.999892e-01 3.535540e-03 -6.012991e-02 2.815159e-03 -3.544035e-03 9.999897e-01 3.052409e+00
9.999889e-01 -2.128535e-03 -4.205819e-03 3.267206e-03 2.141750e-03 9.999928e-01 3.139851e-03 -8.838230e-02 4.199105e-03 -3.148823e-03 9.999862e-01 4.566315e+00
9.999830e-01 -1.524541e-03 -5.643893e-03 -6.648871e-03 1.542552e-03 9.999937e-01 3.188330e-03 -1.107150e-01 5.638997e-03 -3.196981e-03 9.999789e-01 6.079413e+00
9.999747e-01 -1.625829e-03 -6.926312e-03 -1.843176e-02 1.651081e-03 9.999920e-01 3.641708e-03 -1.314352e-01 6.920335e-03 -3.653051e-03 9.999693e-01 7.615299e+00
9.999623e-01 -1.739691e-03 -8.516225e-03 -3.171614e-02 1.772274e-03 9.999911e-01 3.819954e-03 -1.529581e-01 8.509503e-03 -3.834901e-03 9.999564e-01 9.099118e+00
9.999409e-01 -3.535931e-03 -1.028736e-02 -4.480997e-02 3.566679e-03 9.999892e-01 2.972015e-03 -1.743687e-01 1.027674e-02 -3.008530e-03 9.999426e-01 1.059934e+01
9.999212e-01 -4.713044e-03 -1.163888e-02 -6.193958e-02 4.751315e-03 9.999834e-01 3.262684e-03 -1.890327e-01 1.162331e-02 -3.317725e-03 9.999269e-01 1.209423e+01
9.999054e-01 -4.749818e-03 -1.290980e-02 -8.195167e-02 4.793738e-03 9.999828e-01 3.373208e-03 -2.057869e-01 1.289355e-02 -3.434774e-03 9.999109e-01 1.358737e+01
9.998920e-01 -4.228781e-03 -1.407697e-02 -1.077803e-01 4.271543e-03 9.999863e-01 3.009020e-03 -2.249050e-01 1.406406e-02 -3.068824e-03 9.998963e-01 1.507594e+01
9.998907e-01 -2.623327e-03 -1.455505e-02 -1.383473e-01 2.676639e-03 9.999898e-01 3.644477e-03 -2.492411e-01 1.454534e-02 -3.683036e-03 9.998874e-01 1.656039e+01
9.998870e-01 -1.053198e-03 -1.499950e-02 -1.727573e-01 1.118768e-03 9.999898e-01 4.363721e-03 -2.723182e-01 1.499475e-02 -4.380008e-03 9.998779e-01 1.804280e+01
9.998788e-01 -2.451032e-05 -1.557320e-02 -2.058484e-01 1.051712e-04 9.999866e-01 5.178666e-03 -2.957765e-01 1.557286e-02 -5.179675e-03 9.998653e-01 1.951642e+01
9.998719e-01 -2.353867e-05 -1.600922e-02 -2.386867e-01 1.097502e-04 9.999855e-01 5.384263e-03 -3.132795e-01 1.600886e-02 -5.385328e-03 9.998573e-01 2.098968e+01
9.998636e-01 4.413866e-04 -1.651007e-02 -2.678747e-01 -3.508676e-04 9.999849e-01 5.485152e-03 -3.280154e-01 1.651224e-02 -5.478609e-03 9.998486e-01 2.245164e+01
9.998625e-01 1.119432e-03 -1.654724e-02 -2.977989e-01 -1.019277e-03 9.999811e-01 6.059863e-03 -3.414779e-01 1.655371e-02 -6.042162e-03 9.998447e-01 2.390871e+01
9.998615e-01 2.049949e-03 -1.651601e-02 -3.286901e-01 -1.931135e-03 9.999721e-01 7.206627e-03 -3.566005e-01 1.653032e-02 -7.173732e-03 9.998376e-01 2.536099e+01
9.998618e-01 2.377257e-03 -1.645374e-02 -3.584000e-01 -2.272538e-03 9.999770e-01 6.380235e-03 -3.701780e-01 1.646853e-02 -6.341960e-03 9.998442e-01 2.680201e+01
9.998620e-01 2.769091e-03 -1.638309e-02 -3.881643e-01 -2.708306e-03 9.999893e-01 3.731267e-03 -3.903781e-01 1.639325e-02 -3.686380e-03 9.998588e-01 2.823509e+01
9.998699e-01 1.170299e-03 -1.608933e-02 -4.156875e-01 -1.111481e-03 9.999926e-01 3.664197e-03 -4.127461e-01 1.609350e-02 -3.645836e-03 9.998638e-01 2.966060e+01
9.998749e-01 2.102192e-04 -1.582067e-02 -4.428034e-01 -1.086559e-04 9.999794e-01 6.420245e-03 -4.350600e-01 1.582169e-02 -6.417721e-03 9.998542e-01 3.108204e+01
9.998765e-01 -1.461067e-03 -1.565080e-02 -4.678629e-01 1.586742e-03 9.999666e-01 8.020524e-03 -4.539657e-01 1.563856e-02 -8.044365e-03 9.998453e-01 3.249337e+01
9.998784e-01 -2.448086e-03 -1.540410e-02 -4.937117e-01 2.559861e-03 9.999705e-01 7.240648e-03 -4.678086e-01 1.538592e-02 -7.279197e-03 9.998551e-01 3.388789e+01
9.998849e-01 -2.351353e-03 -1.499188e-02 -5.230180e-01 2.434640e-03 9.999817e-01 5.539601e-03 -4.845156e-01 1.497858e-02 -5.575461e-03 9.998722e-01 3.527199e+01
9.998958e-01 -1.558195e-03 -1.435595e-02 -5.548668e-01 1.621394e-03 9.999890e-01 4.391701e-03 -5.027095e-01 1.434894e-02 -4.414519e-03 9.998872e-01 3.663973e+01
9.999091e-01 -8.665701e-04 -1.345465e-02 -5.831612e-01 9.187323e-04 9.999921e-01 3.871189e-03 -5.237000e-01 1.345119e-02 -3.883197e-03 9.999019e-01 3.799599e+01
9.999242e-01 -3.144412e-04 -1.231114e-02 -6.110062e-01 3.705383e-04 9.999895e-01 4.554592e-03 -5.446798e-01 1.230958e-02 -4.558807e-03 9.999138e-01 3.933019e+01
9.999427e-01 3.341605e-04 -1.070505e-02 -6.351590e-01 -2.610086e-04 9.999766e-01 6.834073e-03 -5.650871e-01 1.070708e-02 -6.830885e-03 9.999193e-01 4.065401e+01
9.999591e-01 -2.712027e-04 -9.045792e-03 -6.559744e-01 3.434903e-04 9.999680e-01 7.990691e-03 -5.837699e-01 9.043335e-03 -7.993469e-03 9.999271e-01 4.195719e+01
9.999772e-01 6.777910e-05 -6.759562e-03 -6.731874e-01 -1.046744e-05 9.999640e-01 8.478279e-03 -6.012229e-01 6.759893e-03 -8.478013e-03 9.999412e-01 4.323955e+01
9.999944e-01 5.490955e-05 -3.365373e-03 -6.865415e-01 -2.680498e-05 9.999651e-01 8.350575e-03 -6.178192e-01 3.365714e-03 -8.350436e-03 9.999594e-01 4.450289e+01
9.999997e-01 -7.846738e-04 3.218970e-04 -6.935884e-01 7.826665e-04 9.999805e-01 6.189643e-03 -6.350241e-01 -3.267476e-04 -6.189388e-03 9.999807e-01 4.574413e+01
9.999922e-01 -1.100101e-03 3.803485e-03 -6.959569e-01 1.082755e-03 9.999890e-01 4.559605e-03 -6.526707e-01 -3.808459e-03 -4.555450e-03 9.999823e-01 4.697748e+01
9.999689e-01 -6.772935e-04 7.861748e-03 -7.001992e-01 6.368232e-04 9.999865e-01 5.149118e-03 -6.645447e-01 -7.865129e-03 -5.143950e-03 9.999558e-01 4.819774e+01
9.999134e-01 -2.620471e-04 1.315831e-02 -6.975233e-01 1.937417e-04 9.999865e-01 5.192058e-03 -6.781882e-01 -1.315949e-02 -5.189058e-03 9.998999e-01 4.940741e+01
9.998044e-01 1.185349e-03 1.974544e-02 -6.903610e-01 -1.267194e-03 9.999906e-01 4.133010e-03 -6.899979e-01 -1.974035e-02 -4.157221e-03 9.997964e-01 5.060553e+01
9.996268e-01 2.727086e-03 2.718144e-02 -6.759702e-01 -2.833090e-03 9.999885e-01 3.862101e-03 -7.020690e-01 -2.717059e-02 -3.937667e-03 9.996230e-01 5.179127e+01
9.993594e-01 3.728632e-03 3.559358e-02 -6.473751e-01 -3.917026e-03 9.999787e-01 5.224639e-03 -7.126113e-01 -3.557334e-02 -5.360712e-03 9.993526e-01 5.296880e+01
9.989330e-01 5.955695e-03 4.579893e-02 -6.094624e-01 -6.221115e-03 9.999646e-01 5.654978e-03 -7.231034e-01 -4.576363e-02 -5.933863e-03 9.989346e-01 5.413296e+01
9.982392e-01 8.248457e-03 5.874191e-02 -5.600621e-01 -8.602116e-03 9.999463e-01 5.770220e-03 -7.297775e-01 -5.869116e-02 -6.265363e-03 9.982565e-01 5.528110e+01
9.972445e-01 1.030551e-02 7.346689e-02 -4.934098e-01 -1.079632e-02 9.999219e-01 6.286571e-03 -7.390768e-01 -7.339637e-02 -7.062419e-03 9.972778e-01 5.641219e+01
9.958861e-01 1.264625e-02 8.972728e-02 -4.111119e-01 -1.336115e-02 9.998835e-01 7.371203e-03 -7.469047e-01 -8.962361e-02 -8.539736e-03 9.959390e-01 5.753105e+01
9.941350e-01 1.287820e-02 1.073773e-01 -3.043738e-01 -1.390334e-02 9.998646e-01 8.803900e-03 -7.552160e-01 -1.072494e-01 -1.024517e-02 9.941793e-01 5.864015e+01
9.919005e-01 1.254741e-02 1.263966e-01 -1.772585e-01 -1.369399e-02 9.998725e-01 8.206430e-03 -7.637425e-01 -1.262775e-01 -9.870833e-03 9.919458e-01 5.973159e+01
9.891307e-01 1.167645e-02 1.465751e-01 -3.027954e-02 -1.282087e-02 9.998942e-01 6.865394e-03 -7.709585e-01 -1.464794e-01 -8.669990e-03 9.891757e-01 6.080734e+01
9.858577e-01 9.109430e-03 1.673369e-01 1.414162e-01 -1.029133e-02 9.999278e-01 6.197189e-03 -7.801986e-01 -1.672684e-01 -7.831665e-03 9.858802e-01 6.186839e+01
9.819655e-01 3.793581e-03 1.890225e-01 3.429236e-01 -5.471338e-03 9.999501e-01 8.354942e-03 -7.905714e-01 -1.889814e-01 -9.238469e-03 9.819372e-01 6.291291e+01
9.773046e-01 -1.709232e-03 2.118322e-01 5.688516e-01 -4.745824e-04 9.999473e-01 1.025790e-02 -7.991531e-01 -2.118385e-01 -1.012562e-02 9.772522e-01 6.394069e+01
9.718692e-01 -6.880933e-03 2.354211e-01 8.226070e-01 4.698978e-03 9.999406e-01 9.828066e-03 -8.026621e-01 -2.354747e-01 -8.445355e-03 9.718437e-01 6.494900e+01
9.654653e-01 -1.331156e-02 2.601914e-01 1.098599e+00 1.166580e-02 9.999010e-01 7.868493e-03 -8.056283e-01 -2.602703e-01 -4.561416e-03 9.655250e-01 6.593481e+01
9.580718e-01 -1.728534e-02 2.860065e-01 1.400581e+00 1.562878e-02 9.998452e-01 8.073843e-03 -8.048744e-01 -2.861018e-01 -3.265387e-03 9.581936e-01 6.690386e+01
9.495606e-01 -2.005549e-02 3.129416e-01 1.719450e+00 1.762511e-02 9.997885e-01 1.059348e-02 -8.099221e-01 -3.130879e-01 -4.543522e-03 9.497132e-01 6.785621e+01
9.399600e-01 -2.430701e-02 3.404181e-01 2.070873e+00 2.082730e-02 9.996868e-01 1.387286e-02 -8.116220e-01 -3.406487e-01 -5.949941e-03 9.401718e-01 6.879155e+01
9.291719e-01 -2.800214e-02 3.685860e-01 2.445156e+00 2.471863e-02 9.996015e-01 1.362813e-02 -8.131263e-01 -3.688207e-01 -3.551935e-03 9.294937e-01 6.970243e+01
9.172153e-01 -2.734522e-02 3.974524e-01 2.836652e+00 2.544892e-02 9.996256e-01 1.004610e-02 -8.139150e-01 -3.975783e-01 9.002929e-04 9.175678e-01 7.058836e+01
9.041595e-01 -2.861151e-02 4.262360e-01 3.253649e+00 2.944809e-02 9.995556e-01 4.628971e-03 -8.166667e-01 -4.261790e-01 8.366502e-03 9.046001e-01 7.145272e+01
8.900733e-01 -3.066895e-02 4.547845e-01 3.697183e+00 3.353669e-02 9.994359e-01 1.762472e-03 -8.217552e-01 -4.545820e-01 1.368323e-02 8.905997e-01 7.230010e+01
8.745234e-01 -3.199557e-02 4.839268e-01 4.165770e+00 3.386512e-02 9.994145e-01 4.878839e-03 -8.265719e-01 -4.837995e-01 1.212158e-02 8.750948e-01 7.313220e+01
8.569678e-01 -3.122428e-02 5.144232e-01 4.656399e+00 2.991533e-02 9.994937e-01 1.083157e-02 -8.326482e-01 -5.145010e-01 6.106832e-03 8.574680e-01 7.395134e+01
8.375209e-01 -3.135402e-02 5.455050e-01 5.171922e+00 2.716620e-02 9.995070e-01 1.574010e-02 -8.379065e-01 -5.457295e-01 1.636631e-03 8.379597e-01 7.474042e+01
8.164962e-01 -2.594618e-02 5.767676e-01 5.707425e+00 2.416207e-02 9.996501e-01 1.076493e-02 -8.397157e-01 -5.768450e-01 5.146369e-03 8.168373e-01 7.550137e+01
7.946459e-01 -1.916753e-02 6.067706e-01 6.267395e+00 2.143011e-02 9.997641e-01 3.516416e-03 -8.402731e-01 -6.066949e-01 1.020885e-02 7.948692e-01 7.623592e+01
7.722395e-01 -1.642356e-02 6.351193e-01 6.852965e+00 2.055808e-02 9.997883e-01 8.570305e-04 -8.436503e-01 -6.349988e-01 1.239500e-02 7.724136e-01 7.694187e+01
7.490502e-01 -1.930171e-02 6.622321e-01 7.469758e+00 2.196146e-02 9.997496e-01 4.298553e-03 -8.507153e-01 -6.621492e-01 1.132375e-02 7.492864e-01 7.762714e+01
7.247325e-01 -1.953835e-02 6.887533e-01 8.102844e+00 2.116676e-02 9.997574e-01 6.088352e-03 -8.620809e-01 -6.887052e-01 1.016625e-02 7.249702e-01 7.828406e+01
6.994597e-01 -1.826382e-02 7.144387e-01 8.750799e+00 2.269947e-02 9.997368e-01 3.333600e-03 -8.702408e-01 -7.143114e-01 1.388565e-02 6.996901e-01 7.890590e+01
6.733401e-01 -1.581716e-02 7.391637e-01 9.420955e+00 2.290921e-02 9.997374e-01 5.239928e-04 -8.762188e-01 -7.389778e-01 1.658082e-02 6.735256e-01 7.950640e+01
6.464027e-01 -1.342373e-02 7.628783e-01 1.010937e+01 2.085704e-02 9.997824e-01 -8.027689e-05 -8.844685e-01 -7.627113e-01 1.596327e-02 6.465420e-01 8.008158e+01
6.186204e-01 -1.239589e-02 7.855922e-01 1.082345e+01 2.120024e-02 9.997748e-01 -9.188054e-04 -8.963087e-01 -7.854039e-01 1.722313e-02 6.187439e-01 8.063432e+01
5.901006e-01 -6.313377e-03 8.073051e-01 1.155404e+01 2.023865e-02 9.997708e-01 -6.974943e-03 -9.103951e-01 -8.070760e-01 2.045467e-02 5.900931e-01 8.116168e+01
5.602449e-01 2.835353e-03 8.283222e-01 1.229823e+01 1.892332e-02 9.996893e-01 -1.622094e-02 -9.440788e-01 -8.281109e-01 2.476230e-02 5.600171e-01 8.167543e+01
5.295973e-01 1.127181e-02 8.481743e-01 1.306621e+01 1.835654e-02 9.995252e-01 -2.474496e-02 -9.899750e-01 -8.480505e-01 2.867440e-02 5.291390e-01 8.217844e+01
4.980180e-01 1.631846e-02 8.670132e-01 1.385636e+01 1.612194e-02 9.994759e-01 -2.807216e-02 -1.044292e+00 -8.670168e-01 2.795836e-02 4.974939e-01 8.266054e+01
4.656619e-01 1.582819e-02 8.848212e-01 1.467086e+01 1.381362e-02 9.995882e-01 -2.515102e-02 -1.091171e+00 -8.848548e-01 2.393445e-02 4.652515e-01 8.310277e+01
4.327521e-01 1.418518e-02 9.014014e-01 1.550495e+01 9.386123e-03 9.997511e-01 -2.023906e-02 -1.141769e+00 -9.014641e-01 1.721915e-02 4.325112e-01 8.352640e+01
3.985676e-01 1.506852e-02 9.170152e-01 1.635188e+01 5.370069e-03 9.998095e-01 -1.876304e-02 -1.182920e+00 -9.171232e-01 1.240277e-02 3.984108e-01 8.390596e+01
3.634390e-01 1.801940e-02 9.314438e-01 1.721884e+01 -1.324542e-03 9.998219e-01 -1.882540e-02 -1.223975e+00 -9.316170e-01 5.608144e-03 3.633981e-01 8.426630e+01
3.276884e-01 2.019548e-02 9.445700e-01 1.810134e+01 -6.744494e-03 9.997960e-01 -1.903646e-02 -1.258474e+00 -9.447617e-01 -1.326205e-04 3.277578e-01 8.458881e+01
2.915840e-01 1.934555e-02 9.563496e-01 1.900345e+01 -9.648340e-03 9.998041e-01 -1.728287e-02 -1.292921e+00 -9.564965e-01 -4.187781e-03 2.917135e-01 8.487369e+01
2.554161e-01 1.898680e-02 9.666448e-01 1.992032e+01 -1.046188e-02 9.998029e-01 -1.687376e-02 -1.333845e+00 -9.667746e-01 -5.803097e-03 2.555644e-01 8.512286e+01
2.195925e-01 1.816829e-02 9.754225e-01 2.085317e+01 -9.854782e-03 9.998169e-01 -1.640410e-02 -1.389328e+00 -9.755419e-01 -6.010360e-03 2.197313e-01 8.533947e+01
1.842613e-01 1.726802e-02 9.827256e-01 2.179622e+01 -7.939294e-03 9.998392e-01 -1.608012e-02 -1.441902e+00 -9.828452e-01 -4.839206e-03 1.843688e-01 8.551592e+01
1.497064e-01 1.548325e-02 9.886093e-01 2.274979e+01 -4.622691e-04 9.998783e-01 -1.558975e-02 -1.487418e+00 -9.887303e-01 1.876878e-03 1.496954e-01 8.565402e+01
1.161094e-01 1.870304e-02 9.930603e-01 2.370411e+01 3.197353e-03 9.998105e-01 -1.920401e-02 -1.536455e+00 -9.932312e-01 5.404927e-03 1.160276e-01 8.575774e+01
8.347086e-02 2.449840e-02 9.962091e-01 2.466336e+01 3.600780e-03 9.996838e-01 -2.488556e-02 -1.578857e+00 -9.965037e-01 5.664345e-03 8.335625e-02 8.583875e+01
5.411487e-02 2.811233e-02 9.981389e-01 2.562625e+01 1.029633e-02 9.995347e-01 -2.870987e-02 -1.637414e+00 -9.984816e-01 1.183079e-02 5.380024e-02 8.588405e+01
2.844833e-02 2.769310e-02 9.992116e-01 2.659670e+01 1.316383e-02 9.995191e-01 -2.807641e-02 -1.686769e+00 -9.995085e-01 1.395218e-02 2.807010e-02 8.590350e+01
5.896436e-03 2.376380e-02 9.997002e-01 2.757774e+01 1.408032e-02 9.996165e-01 -2.384486e-02 -1.740061e+00 -9.998834e-01 1.421669e-02 5.559573e-03 8.590820e+01
-1.322891e-02 2.055410e-02 9.997012e-01 2.856061e+01 1.436558e-02 9.996894e-01 -2.036377e-02 -1.785582e+00 -9.998093e-01 1.409189e-02 -1.352007e-02 8.589204e+01
-2.974218e-02 2.343909e-02 9.992828e-01 2.953912e+01 1.629226e-02 9.996036e-01 -2.296170e-02 -1.850372e+00 -9.994248e-01 1.559764e-02 -3.011226e-02 8.586002e+01
-4.451169e-02 2.917319e-02 9.985828e-01 3.052056e+01 1.897167e-02 9.994179e-01 -2.835194e-02 -1.910044e+00 -9.988287e-01 1.768279e-02 -4.503924e-02 8.580960e+01
-5.644683e-02 3.313707e-02 9.978556e-01 3.150611e+01 2.335369e-02 9.992194e-01 -3.186129e-02 -1.968582e+00 -9.981324e-01 2.150513e-02 -5.717664e-02 8.574610e+01
-6.558728e-02 3.696838e-02 9.971618e-01 3.249553e+01 2.936162e-02 9.989522e-01 -3.510353e-02 -2.034292e+00 -9.974147e-01 2.697593e-02 -6.660401e-02 8.566974e+01
-7.133181e-02 4.201284e-02 9.965675e-01 3.348523e+01 3.294277e-02 9.986667e-01 -3.974338e-02 -2.096511e+00 -9.969085e-01 2.999472e-02 -7.262072e-02 8.558750e+01
-7.497980e-02 4.736707e-02 9.960595e-01 3.447574e+01 3.484801e-02 9.983855e-01 -4.485447e-02 -2.165170e+00 -9.965759e-01 3.134750e-02 -7.650939e-02 8.550585e+01
-7.772054e-02 5.100177e-02 9.956698e-01 3.547392e+01 3.710220e-02 9.981468e-01 -4.823252e-02 -2.230292e+00 -9.962845e-01 3.319288e-02 -7.946878e-02 8.541929e+01
-8.041092e-02 5.455562e-02 9.952677e-01 3.647409e+01 3.755346e-02 9.979579e-01 -5.166903e-02 -2.302430e+00 -9.960541e-01 3.322099e-02 -8.229546e-02 8.533282e+01
-8.277044e-02 5.712855e-02 9.949299e-01 3.747623e+01 3.843787e-02 9.977957e-01 -5.409539e-02 -2.372412e+00 -9.958270e-01 3.376548e-02 -8.478388e-02 8.524353e+01
-8.466798e-02 6.126156e-02 9.945242e-01 3.847939e+01 3.950431e-02 9.975298e-01 -5.808354e-02 -2.446547e+00 -9.956258e-01 3.437017e-02 -8.687892e-02 8.515093e+01
-8.668535e-02 6.295573e-02 9.942446e-01 3.948794e+01 4.222097e-02 9.973368e-01 -5.947041e-02 -2.531911e+00 -9.953406e-01 3.682275e-02 -8.911253e-02 8.504711e+01
-8.870577e-02 6.205828e-02 9.941228e-01 4.050491e+01 4.252210e-02 9.973833e-01 -5.846758e-02 -2.620466e+00 -9.951498e-01 3.708576e-02 -9.111249e-02 8.494335e+01
-9.119746e-02 6.078595e-02 9.939759e-01 4.152314e+01 4.136854e-02 9.975049e-01 -5.720620e-02 -2.703793e+00 -9.949732e-01 3.590226e-02 -9.348453e-02 8.484011e+01
-9.318044e-02 6.236751e-02 9.936940e-01 4.254154e+01 4.189171e-02 9.973979e-01 -5.867174e-02 -2.782434e+00 -9.947675e-01 3.616047e-02 -9.555066e-02 8.473340e+01
-9.565326e-02 6.425885e-02 9.933385e-01 4.356321e+01 4.068653e-02 9.973326e-01 -6.059934e-02 -2.862846e+00 -9.945828e-01 3.461896e-02 -9.801257e-02 8.462639e+01
-9.826735e-02 6.680700e-02 9.929151e-01 4.459161e+01 3.932738e-02 9.972254e-01 -6.320485e-02 -2.947049e+00 -9.943826e-01 3.283776e-02 -1.006220e-01 8.451273e+01
-1.008219e-01 7.017314e-02 9.924267e-01 4.562390e+01 3.714918e-02 9.970794e-01 -6.672811e-02 -3.034107e+00 -9.942106e-01 3.014017e-02 -1.031343e-01 8.439616e+01
-1.030371e-01 7.454546e-02 9.918802e-01 4.665834e+01 3.383043e-02 9.968734e-01 -7.140641e-02 -3.121719e+00 -9.941020e-01 2.619821e-02 -1.052369e-01 8.428026e+01
-1.055615e-01 7.713973e-02 9.914163e-01 4.769859e+01 3.158554e-02 9.967437e-01 -7.419117e-02 -3.212409e+00 -9.939110e-01 2.348268e-02 -1.076543e-01 8.415974e+01
-1.082516e-01 7.568366e-02 9.912384e-01 4.874265e+01 2.980113e-02 9.968967e-01 -7.286116e-02 -3.300682e+00 -9.936767e-01 2.165268e-02 -1.101712e-01 8.403799e+01
-1.113399e-01 7.123111e-02 9.912263e-01 4.979767e+01 2.642006e-02 9.972875e-01 -6.869905e-02 -3.399467e+00 -9.934311e-01 1.853930e-02 -1.129199e-01 8.391179e+01
-1.139163e-01 6.959566e-02 9.910497e-01 5.085130e+01 2.627206e-02 9.974055e-01 -6.702216e-02 -3.491219e+00 -9.931429e-01 1.840200e-02 -1.154491e-01 8.378036e+01
-1.158250e-01 6.985040e-02 9.908106e-01 5.190709e+01 2.598171e-02 9.973959e-01 -6.727743e-02 -3.581332e+00 -9.929297e-01 1.795053e-02 -1.173382e-01 8.364593e+01
-1.171497e-01 7.263404e-02 9.904546e-01 5.296284e+01 2.737638e-02 9.971790e-01 -6.988915e-02 -3.668473e+00 -9.927368e-01 1.892756e-02 -1.188076e-01 8.350873e+01
-1.177716e-01 7.541683e-02 9.901728e-01 5.402128e+01 2.790440e-02 9.969695e-01 -7.261556e-02 -3.758476e+00 -9.926485e-01 1.907812e-02 -1.195192e-01 8.337012e+01
-1.182043e-01 7.659691e-02 9.900307e-01 5.508951e+01 2.708114e-02 9.968982e-01 -7.389492e-02 -3.853303e+00 -9.926199e-01 1.807646e-02 -1.199119e-01 8.323118e+01
-1.180776e-01 7.482940e-02 9.901809e-01 5.616217e+01 2.374347e-02 9.970843e-01 -7.251974e-02 -3.946919e+00 -9.927204e-01 1.494737e-02 -1.195100e-01 8.309674e+01
-1.183116e-01 7.450330e-02 9.901776e-01 5.723648e+01 1.999762e-02 9.971578e-01 -7.263910e-02 -4.043440e+00 -9.927751e-01 1.120714e-02 -1.194652e-01 8.296320e+01
-1.184144e-01 7.536459e-02 9.901001e-01 5.831225e+01 1.629358e-02 9.971287e-01 -7.395092e-02 -4.137484e+00 -9.928305e-01 7.375422e-03 -1.193023e-01 8.283188e+01
-1.187915e-01 7.570440e-02 9.900290e-01 5.939428e+01 1.225761e-02 9.971250e-01 -7.477625e-02 -4.235523e+00 -9.928435e-01 3.252604e-03 -1.193779e-01 8.269832e+01
-1.192827e-01 7.481209e-02 9.900378e-01 6.048415e+01 8.649815e-03 9.971976e-01 -7.431098e-02 -4.332877e+00 -9.928226e-01 -3.003721e-04 -1.195955e-01 8.256445e+01
-1.196761e-01 6.989088e-02 9.903499e-01 6.158947e+01 8.554825e-03 9.975546e-01 -6.936556e-02 -4.427686e+00 -9.927761e-01 1.708706e-04 -1.199813e-01 8.242007e+01
-1.199740e-01 6.147785e-02 9.908717e-01 6.269201e+01 1.156217e-02 9.980996e-01 -6.052637e-02 -4.507440e+00 -9.927097e-01 4.195035e-03 -1.204568e-01 8.227636e+01
-1.199894e-01 5.482827e-02 9.912600e-01 6.380163e+01 1.624666e-02 9.984485e-01 -5.325927e-02 -4.575110e+00 -9.926422e-01 9.714108e-03 -1.206940e-01 8.212657e+01
-1.191900e-01 5.753560e-02 9.912030e-01 6.490299e+01 2.502529e-02 9.981765e-01 -5.493116e-02 -4.637324e+00 -9.925560e-01 1.825789e-02 -1.204125e-01 8.197173e+01
-1.179477e-01 6.349043e-02 9.909881e-01 6.600675e+01 3.117512e-02 9.976988e-01 -6.020991e-02 -4.698824e+00 -9.925303e-01 2.379254e-02 -1.196556e-01 8.181847e+01
-1.170727e-01 6.916153e-02 9.907122e-01 6.711535e+01 3.455186e-02 9.972519e-01 -6.553508e-02 -4.769758e+00 -9.925221e-01 2.655857e-02 -1.191407e-01 8.167129e+01
-1.163451e-01 7.294952e-02 9.905262e-01 6.822842e+01 3.564820e-02 9.969631e-01 -6.923643e-02 -4.848159e+00 -9.925689e-01 2.725515e-02 -1.185923e-01 8.152737e+01
-1.163709e-01 7.198808e-02 9.905936e-01 6.935294e+01 3.285757e-02 9.971029e-01 -6.860117e-02 -4.927907e+00 -9.926621e-01 2.456532e-02 -1.183991e-01 8.138834e+01
-1.161347e-01 6.691418e-02 9.909769e-01 7.048500e+01 3.072070e-02 9.974927e-01 -6.375393e-02 -5.011017e+00 -9.927582e-01 2.303945e-02 -1.178991e-01 8.124871e+01
-1.159475e-01 6.394350e-02 9.911950e-01 7.162116e+01 2.916131e-02 9.977145e-01 -6.095288e-02 -5.086994e+00 -9.928271e-01 2.183720e-02 -1.175472e-01 8.111025e+01
-1.158279e-01 6.476000e-02 9.911559e-01 7.275311e+01 2.780437e-02 9.976926e-01 -6.193785e-02 -5.162949e+00 -9.928800e-01 2.038433e-02 -1.173612e-01 8.097266e+01
-1.156249e-01 6.921292e-02 9.908787e-01 7.388909e+01 2.803964e-02 9.973992e-01 -6.639647e-02 -5.241054e+00 -9.928971e-01 2.010678e-02 -1.172649e-01 8.083141e+01
-1.149327e-01 7.314930e-02 9.906764e-01 7.502755e+01 2.837532e-02 9.971199e-01 -7.033314e-02 -5.323826e+00 -9.929679e-01 2.002718e-02 -1.166773e-01 8.068962e+01
-1.145607e-01 7.215451e-02 9.907924e-01 7.617779e+01 2.843230e-02 9.971883e-01 -6.933281e-02 -5.409080e+00 -9.930092e-01 2.022768e-02 -1.162901e-01 8.054753e+01
-1.140320e-01 6.411854e-02 9.914059e-01 7.733948e+01 2.957171e-02 9.976920e-01 -6.112375e-02 -5.493650e+00 -9.930368e-01 2.234750e-02 -1.156649e-01 8.040286e+01
-1.142248e-01 6.325840e-02 9.914389e-01 7.849684e+01 2.937545e-02 9.977493e-01 -6.027667e-02 -5.575395e+00 -9.930205e-01 2.223887e-02 -1.158259e-01 8.026070e+01
-1.141173e-01 6.638015e-02 9.912472e-01 7.965385e+01 2.721180e-02 9.975997e-01 -6.367282e-02 -5.653289e+00 -9.930945e-01 1.970744e-02 -1.156497e-01 8.012242e+01
-1.138666e-01 6.956512e-02 9.910576e-01 8.081443e+01 2.669236e-02 9.973996e-01 -6.694351e-02 -5.733271e+00 -9.931374e-01 1.883103e-02 -1.154274e-01 7.998194e+01
-1.137738e-01 6.906425e-02 9.911033e-01 8.198866e+01 2.583138e-02 9.974492e-01 -6.654116e-02 -5.820181e+00 -9.931708e-01 1.803092e-02 -1.152676e-01 7.984084e+01
-1.133275e-01 6.578657e-02 9.913774e-01 8.314911e+01 2.502350e-02 9.976780e-01 -6.334417e-02 -5.906836e+00 -9.932425e-01 1.762909e-02 -1.147106e-01 7.970180e+01
-1.123304e-01 6.450052e-02 9.915753e-01 8.431156e+01 2.587357e-02 9.977425e-01 -6.197062e-02 -5.991644e+00 -9.933340e-01 1.869440e-02 -1.137457e-01 7.956056e+01
-1.108700e-01 6.472693e-02 9.917249e-01 8.548133e+01 2.733133e-02 9.976980e-01 -6.206128e-02 -6.073437e+00 -9.934590e-01 2.022442e-02 -1.123838e-01 7.941861e+01
-1.096846e-01 6.518914e-02 9.918265e-01 8.665574e+01 3.006997e-02 9.976079e-01 -6.224375e-02 -6.143337e+00 -9.935115e-01 2.299701e-02 -1.113824e-01 7.927416e+01
-1.085184e-01 6.474185e-02 9.919840e-01 8.784314e+01 2.975946e-02 9.976413e-01 -6.185554e-02 -6.220092e+00 -9.936489e-01 2.280844e-02 -1.101891e-01 7.913297e+01
-1.071260e-01 6.555051e-02 9.920823e-01 8.903034e+01 3.105347e-02 9.975580e-01 -6.255914e-02 -6.292724e+00 -9.937603e-01 2.410588e-02 -1.089000e-01 7.899178e+01
-1.060845e-01 6.303828e-02 9.923569e-01 9.023925e+01 3.127932e-02 9.977061e-01 -6.003429e-02 -6.375416e+00 -9.938650e-01 2.467154e-02 -1.078129e-01 7.885004e+01
-1.050696e-01 6.244270e-02 9.925026e-01 9.145274e+01 2.995006e-02 9.977727e-01 -5.960367e-02 -6.458889e+00 -9.940137e-01 2.346297e-02 -1.067057e-01 7.871205e+01
-1.037604e-01 6.200648e-02 9.926676e-01 9.266639e+01 3.098535e-02 9.977718e-01 -5.908652e-02 -6.542150e+00 -9.941195e-01 2.462730e-02 -1.054505e-01 7.857336e+01
-1.021775e-01 6.256298e-02 9.927969e-01 9.388743e+01 2.941137e-02 9.977740e-01 -5.984965e-02 -6.627664e+00 -9.943313e-01 2.308422e-02 -1.037901e-01 7.843781e+01
-1.006056e-01 6.553057e-02 9.927660e-01 9.510911e+01 2.978588e-02 9.975797e-01 -6.282986e-02 -6.713115e+00 -9.944804e-01 2.324936e-02 -1.023140e-01 7.830262e+01
-9.945430e-02 6.530825e-02 9.928966e-01 9.633804e+01 2.801108e-02 9.976321e-01 -6.281398e-02 -6.798660e+00 -9.946477e-01 2.156498e-02 -1.010481e-01 7.817155e+01
-9.903252e-02 6.264174e-02 9.931106e-01 9.756935e+01 2.388010e-02 9.978788e-01 -6.056120e-02 -6.882331e+00 -9.947976e-01 1.771805e-02 -1.003183e-01 7.805765e+01
-9.886702e-02 6.376206e-02 9.930558e-01 9.880208e+01 2.145327e-02 9.978496e-01 -6.193402e-02 -6.966266e+00 -9.948693e-01 1.518106e-02 -1.000223e-01 7.793983e+01
-9.915247e-02 6.387177e-02 9.930203e-01 1.000429e+02 1.887214e-02 9.978790e-01 -6.229993e-02 -7.052411e+00 -9.948932e-01 1.256322e-02 -1.001476e-01 7.782180e+01
-1.002303e-01 6.081209e-02 9.931041e-01 1.012886e+02 1.600489e-02 9.980998e-01 -5.950270e-02 -7.138670e+00 -9.948355e-01 9.930544e-03 -1.010131e-01 7.769989e+01
-1.015079e-01 5.933445e-02 9.930638e-01 1.025376e+02 1.383515e-02 9.982074e-01 -5.822760e-02 -7.224808e+00 -9.947385e-01 7.828622e-03 -1.021469e-01 7.757772e+01
-1.028405e-01 5.871368e-02 9.929635e-01 1.037849e+02 1.216107e-02 9.982560e-01 -5.776712e-02 -7.308559e+00 -9.946235e-01 6.134700e-03 -1.033751e-01 7.745043e+01
-1.045565e-01 5.860639e-02 9.927907e-01 1.050341e+02 1.185647e-02 9.982646e-01 -5.768087e-02 -7.394646e+00 -9.944482e-01 5.740074e-03 -1.050700e-01 7.731942e+01
-1.068276e-01 5.728775e-02 9.926258e-01 1.062831e+02 1.215405e-02 9.983394e-01 -5.630947e-02 -7.478364e+00 -9.942032e-01 6.049008e-03 -1.073465e-01 7.718259e+01
-1.098782e-01 5.235797e-02 9.925651e-01 1.075331e+02 8.644135e-03 9.986242e-01 -5.172068e-02 -7.561306e+00 -9.939074e-01 2.896888e-03 -1.101796e-01 7.704728e+01
-1.139706e-01 5.194301e-02 9.921253e-01 1.087743e+02 8.262714e-03 9.986473e-01 -5.133530e-02 -7.641329e+00 -9.934497e-01 2.346930e-03 -1.142456e-01 7.690436e+01
-1.195938e-01 5.673661e-02 9.912005e-01 1.100019e+02 2.541051e-03 9.983800e-01 -5.684099e-02 -7.722951e+00 -9.928196e-01 -4.279140e-03 -1.195442e-01 7.676378e+01
-1.267574e-01 6.210592e-02 9.899876e-01 1.112386e+02 3.716825e-03 9.980607e-01 -6.213650e-02 -7.807969e+00 -9.919267e-01 -4.196651e-03 -1.267424e-01 7.660787e+01
-1.357632e-01 5.923628e-02 9.889689e-01 1.124618e+02 6.028125e-03 9.982419e-01 -5.896419e-02 -7.896792e+00 -9.907229e-01 -2.043545e-03 -1.358816e-01 7.643702e+01
-1.468222e-01 5.383870e-02 9.876967e-01 1.136907e+02 5.285012e-03 9.985461e-01 -5.364448e-02 -7.983049e+00 -9.891487e-01 -2.656214e-03 -1.468933e-01 7.625308e+01
-1.594597e-01 5.569923e-02 9.856319e-01 1.149114e+02 7.842035e-03 9.984470e-01 -5.515472e-02 -8.061834e+00 -9.871732e-01 -1.065599e-03 -1.596488e-01 7.604901e+01
-1.737504e-01 5.634415e-02 9.831766e-01 1.161296e+02 9.453501e-03 9.984113e-01 -5.554659e-02 -8.141038e+00 -9.847443e-01 -3.567834e-04 -1.740070e-01 7.582078e+01
-1.884259e-01 5.405645e-02 9.805986e-01 1.173410e+02 9.523557e-03 9.985376e-01 -5.321538e-02 -8.223598e+00 -9.820412e-01 -6.883714e-04 -1.886651e-01 7.558130e+01
-2.036572e-01 5.590004e-02 9.774451e-01 1.185414e+02 1.458706e-02 9.984311e-01 -5.406093e-02 -8.306282e+00 -9.789336e-01 3.248151e-03 -2.041530e-01 7.531661e+01
-2.190626e-01 5.932381e-02 9.739057e-01 1.197281e+02 1.460824e-02 9.982374e-01 -5.752009e-02 -8.388866e+00 -9.756014e-01 1.626542e-03 -2.195431e-01 7.504274e+01
-2.343892e-01 6.389957e-02 9.700405e-01 1.209037e+02 1.493501e-02 9.979563e-01 -6.212977e-02 -8.474808e+00 -9.720281e-01 -7.498799e-05 -2.348645e-01 7.475130e+01
-2.506675e-01 6.208529e-02 9.660804e-01 1.220798e+02 1.136813e-02 9.980613e-01 -6.119089e-02 -8.561332e+00 -9.680065e-01 -4.356038e-03 -2.508873e-01 7.444731e+01
-2.670267e-01 5.550955e-02 9.620891e-01 1.232631e+02 5.398909e-03 9.984102e-01 -5.610671e-02 -8.644916e+00 -9.636740e-01 -9.787759e-03 -2.669018e-01 7.412704e+01
-2.830064e-01 5.113256e-02 9.577541e-01 1.244375e+02 1.087702e-03 9.985943e-01 -5.299155e-02 -8.723087e+00 -9.591174e-01 -1.395520e-02 -2.826642e-01 7.378566e+01
-2.984538e-01 5.237678e-02 9.529859e-01 1.255966e+02 -6.646978e-04 9.984814e-01 -5.508542e-02 -8.799145e+00 -9.544238e-01 -1.707390e-02 -2.979657e-01 7.342718e+01
-3.131229e-01 5.450156e-02 9.481475e-01 1.267459e+02 -8.339620e-04 9.983358e-01 -5.766192e-02 -8.874807e+00 -9.497122e-01 -1.884598e-02 -3.125563e-01 7.304799e+01
-3.271078e-01 5.623719e-02 9.433122e-01 1.278828e+02 5.194592e-04 9.982382e-01 -5.933158e-02 -8.954510e+00 -9.449869e-01 -1.891781e-02 -3.265607e-01 7.265186e+01
-3.413455e-01 5.661713e-02 9.382312e-01 1.290149e+02 2.514476e-03 9.982356e-01 -5.932327e-02 -9.035824e+00 -9.399345e-01 -1.789057e-02 -3.408856e-01 7.223590e+01
-3.555538e-01 5.435651e-02 9.330739e-01 1.301383e+02 2.025469e-03 9.983499e-01 -5.738738e-02 -9.118396e+00 -9.346536e-01 -1.851439e-02 -3.550772e-01 7.180658e+01
-3.701034e-01 5.298037e-02 9.274786e-01 1.312536e+02 1.738222e-03 9.984102e-01 -5.633858e-02 -9.199095e+00 -9.289889e-01 -1.923894e-02 -3.696071e-01 7.136168e+01
-3.850383e-01 5.379297e-02 9.213316e-01 1.323546e+02 1.404929e-04 9.983033e-01 -5.822835e-02 -9.279118e+00 -9.229006e-01 -2.229070e-02 -3.843925e-01 7.090448e+01
-3.998406e-01 5.665126e-02 9.148323e-01 1.334422e+02 1.254572e-03 9.981210e-01 -6.126063e-02 -9.359054e+00 -9.165838e-01 -2.334676e-02 -3.991603e-01 7.042848e+01
-4.147639e-01 5.782533e-02 9.080898e-01 1.345288e+02 1.957902e-03 9.980331e-01 -6.265849e-02 -9.441782e+00 -9.099269e-01 -2.421053e-02 -4.140613e-01 6.993130e+01
-4.291460e-01 6.062984e-02 9.011980e-01 1.356043e+02 4.536845e-03 9.978766e-01 -6.497368e-02 -9.527433e+00 -9.032237e-01 -2.379459e-02 -4.285098e-01 6.941460e+01
-4.440749e-01 6.369173e-02 8.937231e-01 1.366762e+02 4.605216e-03 9.976193e-01 -6.880773e-02 -9.614880e+00 -8.959778e-01 -2.644000e-02 -4.433110e-01 6.888030e+01
-4.591859e-01 6.647746e-02 8.858494e-01 1.377420e+02 5.241398e-03 9.973814e-01 -7.213034e-02 -9.704590e+00 -8.883247e-01 -2.847814e-02 -4.583319e-01 6.832845e+01
-4.745463e-01 6.377536e-02 8.779172e-01 1.388096e+02 4.079370e-03 9.975204e-01 -7.025878e-02 -9.795509e+00 -8.802211e-01 -2.975969e-02 -4.736297e-01 6.775361e+01
-4.907005e-01 5.958726e-02 8.692885e-01 1.398723e+02 9.702285e-04 9.976956e-01 -6.784154e-02 -9.888913e+00 -8.713278e-01 -3.244647e-02 -4.896275e-01 6.716223e+01
-5.068055e-01 5.910555e-02 8.600319e-01 1.409268e+02 3.201704e-04 9.976596e-01 -6.837534e-02 -9.978781e+00 -8.620604e-01 -3.437764e-02 -5.056382e-01 6.654673e+01
-5.227946e-01 5.862140e-02 8.504407e-01 1.419671e+02 -9.632887e-04 9.975914e-01 -6.935677e-02 -1.006744e+01 -8.524581e-01 -3.707856e-02 -5.214789e-01 6.591185e+01
-5.386551e-01 5.748528e-02 8.405630e-01 1.430034e+02 -1.762478e-03 9.975906e-01 -6.935370e-02 -1.015971e+01 -8.425245e-01 -3.883919e-02 -5.372558e-01 6.525392e+01
-5.543975e-01 5.665967e-02 8.303211e-01 1.440312e+02 -3.289861e-03 9.975229e-01 -7.026585e-02 -1.025440e+01 -8.322455e-01 -4.168685e-02 -5.528378e-01 6.457481e+01
-5.699025e-01 5.633664e-02 8.197789e-01 1.450446e+02 -3.767636e-03 9.974573e-01 -7.116625e-02 -1.034928e+01 -8.217037e-01 -4.364645e-02 -5.682411e-01 6.387549e+01
-5.852070e-01 5.380572e-02 8.090969e-01 1.460542e+02 -4.333161e-03 9.975743e-01 -6.947377e-02 -1.044366e+01 -8.108724e-01 -4.416248e-02 -5.835543e-01 6.315165e+01
-6.003517e-01 4.984753e-02 7.981811e-01 1.470512e+02 -4.691967e-03 9.978189e-01 -6.584427e-02 -1.053685e+01 -7.997223e-01 -4.327475e-02 -5.988083e-01 6.240627e+01
-6.151770e-01 4.798841e-02 7.869272e-01 1.480355e+02 -3.861206e-03 9.979504e-01 -6.387552e-02 -1.062705e+01 -7.883796e-01 -4.233323e-02 -6.137308e-01 6.164068e+01
-6.300491e-01 4.677825e-02 7.751451e-01 1.490120e+02 -4.430473e-03 9.979512e-01 -6.382526e-02 -1.071697e+01 -7.765426e-01 -4.364730e-02 -6.285510e-01 6.085284e+01
-6.448530e-01 4.765821e-02 7.628194e-01 1.499695e+02 -5.932360e-03 9.977119e-01 -6.734842e-02 -1.080867e+01 -7.642836e-01 -4.795514e-02 -6.430947e-01 6.004930e+01
-6.601554e-01 4.807287e-02 7.495892e-01 1.509179e+02 -7.959097e-03 9.974461e-01 -7.097801e-02 -1.090070e+01 -7.510869e-01 -5.282256e-02 -6.580868e-01 5.922635e+01
