9.999934e-01 3.206484e-03 -1.725845e-03 1.181032e-01 -3.242068e-03 9.997736e-01 -2.102607e-02 -8.368884e+00 1.658035e-03 2.103152e-02 9.997774e-01 1.298660e+01
9.998427e-01 2.398227e-03 -1.757496e-02 1.134195e-01 -2.803070e-03 9.997304e-01 -2.304686e-02 -8.547404e+00 1.751495e-02 2.309250e-02 9.995799e-01 1.307848e+01
9.993119e-01 2.905017e-03 -3.697792e-02 7.784537e-02 -3.796787e-03 9.997031e-01 -2.406895e-02 -8.732867e+00 3.689702e-02 2.419278e-02 9.990262e-01 1.314705e+01
9.982647e-01 3.775973e-03 -5.876569e-02 4.601114e-02 -5.179831e-03 9.997044e-01 -2.375509e-02 -8.916116e+00 5.865862e-02 2.401826e-02 9.979891e-01 1.325183e+01
9.965951e-01 4.491985e-03 -8.232913e-02 2.378998e-03 -6.363678e-03 9.997269e-01 -2.248598e-02 -9.098829e+00 8.220565e-02 2.293333e-02 9.963515e-01 1.336218e+01
9.940242e-01 5.520365e-03 -1.090201e-01 -3.834925e-02 -7.841460e-03 9.997514e-01 -2.087327e-02 -9.281445e+00 1.088778e-01 2.160341e-02 9.938204e-01 1.351464e+01
9.902740e-01 6.837615e-03 -1.389626e-01 -1.027432e-01 -9.541583e-03 9.997777e-01 -1.880136e-02 -9.464301e+00 1.388031e-01 1.994442e-02 9.901192e-01 1.366245e+01
9.850518e-01 7.041311e-03 -1.721142e-01 -1.784095e-01 -9.828243e-03 9.998339e-01 -1.534554e-02 -9.647142e+00 1.719776e-01 1.680773e-02 9.849575e-01 1.384670e+01
9.779226e-01 8.129758e-03 -2.088091e-01 -2.635490e-01 -1.074140e-02 9.998776e-01 -1.137638e-02 -9.829144e+00 2.086911e-01 1.336812e-02 9.778902e-01 1.404914e+01
9.685783e-01 9.648296e-03 -2.485216e-01 -3.773915e-01 -1.144352e-02 9.999178e-01 -5.779958e-03 -1.000672e+01 2.484454e-01 8.442305e-03 9.686091e-01 1.423718e+01
9.569505e-01 1.368059e-02 -2.899287e-01 -4.912886e-01 -1.459916e-02 9.998929e-01 -1.005599e-03 -1.018528e+01 2.898839e-01 5.195026e-03 9.570477e-01 1.446594e+01
9.431378e-01 1.732265e-02 -3.319503e-01 -6.372956e-01 -1.715754e-02 9.998469e-01 3.428447e-03 -1.036472e+01 3.319589e-01 2.461953e-03 9.432907e-01 1.469815e+01
9.268127e-01 2.016847e-02 -3.749819e-01 -8.037392e-01 -1.812196e-02 9.997954e-01 8.983588e-03 -1.053985e+01 3.750864e-01 -1.530696e-03 9.269886e-01 1.491810e+01
9.078697e-01 2.365652e-02 -4.185846e-01 -9.848121e-01 -1.826631e-02 9.996906e-01 1.688019e-02 -1.071770e+01 4.188544e-01 -7.679015e-03 9.080209e-01 1.516902e+01
8.864286e-01 2.825927e-02 -4.620019e-01 -1.171897e+00 -1.944747e-02 9.995269e-01 2.382483e-02 -1.089272e+01 4.624566e-01 -1.213424e-02 8.865589e-01 1.540908e+01
8.620790e-01 3.340437e-02 -5.056718e-01 -1.393517e+00 -2.199160e-02 9.993511e-01 2.852483e-02 -1.106348e+01 5.062965e-01 -1.347012e-02 8.622543e-01 1.559951e+01
8.346104e-01 3.694401e-02 -5.496004e-01 -1.628279e+00 -2.304378e-02 9.992166e-01 3.217337e-02 -1.123333e+01 5.503585e-01 -1.418736e-02 8.348079e-01 1.583724e+01
8.042209e-01 4.061583e-02 -5.929410e-01 -1.909394e+00 -2.563447e-02 9.991042e-01 3.366891e-02 -1.139957e+01 5.937774e-01 -1.187751e-02 8.045417e-01 1.603100e+01
7.711116e-01 4.337310e-02 -6.352210e-01 -2.183640e+00 -2.609686e-02 9.989917e-01 3.653184e-02 -1.156138e+01 6.361650e-01 -1.159285e-02 7.714660e-01 1.625791e+01
7.346863e-01 4.707185e-02 -6.767720e-01 -2.477419e+00 -2.705056e-02 9.988292e-01 4.010667e-02 -1.172013e+01 6.778675e-01 -1.115876e-02 7.350994e-01 1.648134e+01
6.963124e-01 4.886637e-02 -7.160734e-01 -2.812854e+00 -2.539172e-02 9.987322e-01 4.346463e-02 -1.187697e+01 7.172896e-01 -1.208262e-02 6.966704e-01 1.665771e+01
6.560448e-01 4.895327e-02 -7.531326e-01 -3.168635e+00 -2.271313e-02 9.987228e-01 4.513140e-02 -1.203628e+01 7.543801e-01 -1.250221e-02 6.563188e-01 1.689162e+01
6.138729e-01 4.823250e-02 -7.879300e-01 -3.558518e+00 -1.781634e-02 9.987239e-01 4.725546e-02 -1.219440e+01 7.892038e-01 -1.497081e-02 6.139489e-01 1.711347e+01
5.695872e-01 4.848083e-02 -8.204998e-01 -3.975381e+00 -1.300290e-02 9.986655e-01 4.998156e-02 -1.234846e+01 8.218281e-01 -1.779998e-02 5.694575e-01 1.729265e+01
5.233982e-01 5.016380e-02 -8.506103e-01 -4.410526e+00 -1.113655e-02 9.985830e-01 5.203778e-02 -1.249954e+01 8.520155e-01 -1.776361e-02 5.232152e-01 1.749197e+01
4.744464e-01 4.980177e-02 -8.788745e-01 -4.868512e+00 -1.007275e-02 9.986401e-01 5.115074e-02 -1.264852e+01 8.802268e-01 -1.541559e-02 4.743029e-01 1.762521e+01
4.224059e-01 4.885757e-02 -9.050890e-01 -5.372255e+00 -4.957667e-03 9.986558e-01 5.159466e-02 -1.279641e+01 9.063932e-01 -1.730675e-02 4.220804e-01 1.779999e+01
3.691101e-01 4.874751e-02 -9.281064e-01 -5.887262e+00 2.489877e-04 9.986182e-01 5.255008e-02 -1.294388e+01 9.293857e-01 -1.962784e-02 3.685879e-01 1.795787e+01
3.153256e-01 4.693099e-02 -9.478223e-01 -6.444529e+00 3.824875e-03 9.987054e-01 5.072293e-02 -1.308799e+01 9.489759e-01 -1.961954e-02 3.147379e-01 1.804900e+01
2.621717e-01 5.207782e-02 -9.636150e-01 -7.011137e+00 4.584747e-03 9.984643e-01 5.520862e-02 -1.323067e+01 9.650104e-01 -1.889206e-02 2.615303e-01 1.815574e+01
2.108090e-01 5.802377e-02 -9.758037e-01 -7.603442e+00 7.000052e-03 9.981216e-01 6.086313e-02 -1.337344e+01 9.775022e-01 -1.966117e-02 2.100069e-01 1.824184e+01
1.619793e-01 5.928470e-02 -9.850117e-01 -8.252992e+00 1.313697e-02 9.979756e-01 6.222527e-02 -1.351325e+01 9.867067e-01 -2.301927e-02 1.608726e-01 1.828627e+01
1.173383e-01 6.123356e-02 -9.912024e-01 -8.902786e+00 1.586576e-02 9.978542e-01 6.352270e-02 -1.365686e+01 9.929653e-01 -2.317982e-02 1.161150e-01 1.833142e+01
7.646129e-02 6.035371e-02 -9.952442e-01 -9.593783e+00 1.560785e-02 9.979715e-01 6.171821e-02 -1.379526e+01 9.969504e-01 -2.025267e-02 7.536421e-02 1.833353e+01
4.064302e-02 5.583345e-02 -9.976125e-01 -1.027763e+01 1.415900e-02 9.983051e-01 5.644906e-02 -1.392496e+01 9.990734e-01 -1.641945e-02 3.978358e-02 1.832822e+01
1.125897e-02 5.491995e-02 -9.984273e-01 -1.099243e+01 1.173809e-02 9.984145e-01 5.505163e-02 -1.405557e+01 9.998678e-01 -1.233945e-02 1.059647e-02 1.829695e+01
-1.025772e-02 5.945623e-02 -9.981782e-01 -1.173793e+01 1.018075e-02 9.981852e-01 5.935203e-02 -1.418805e+01 9.998956e-01 -9.553378e-03 -1.084441e-02 1.826240e+01
-2.370650e-02 6.555616e-02 -9.975672e-01 -1.254144e+01 1.115112e-02 9.978029e-01 6.530667e-02 -1.431625e+01 9.996568e-01 -9.575791e-03 -2.438544e-02 1.822514e+01
-3.198896e-02 6.879714e-02 -9.971177e-01 -1.331623e+01 1.133150e-02 9.975891e-01 6.846615e-02 -1.444618e+01 9.994240e-01 -9.108672e-03 -3.269141e-02 1.817976e+01
-3.608163e-02 6.637987e-02 -9.971418e-01 -1.412357e+01 1.247605e-02 9.977437e-01 6.596851e-02 -1.457497e+01 9.992710e-01 -1.006013e-02 -3.682838e-02 1.813721e+01
-3.571904e-02 6.263283e-02 -9.973972e-01 -1.493036e+01 1.827605e-02 9.979081e-01 6.201042e-02 -1.469894e+01 9.991948e-01 -1.601352e-02 -3.678900e-02 1.809812e+01