2.325211e-02 1.402412e-02 9.996312e-01 -2.545916e+02 4.751046e-02 9.987563e-01 -1.511698e-02 -5.301988e+00 -9.986001e-01 4.784443e-02 2.255690e-02 2.169371e+02
2.324979e-02 1.351985e-02 9.996382e-01 -2.540274e+02 4.744983e-02 9.987667e-01 -1.461166e-02 -5.325849e+00 -9.986030e-01 4.777237e-02 2.257960e-02 2.169499e+02
2.345119e-02 1.340720e-02 9.996351e-01 -2.534698e+02 4.759353e-02 9.987613e-01 -1.451202e-02 -5.350226e+00 -9.985915e-01 4.791648e-02 2.278404e-02 2.169602e+02
2.378044e-02 1.362769e-02 9.996243e-01 -2.529140e+02 4.794512e-02 9.987409e-01 -1.475624e-02 -5.374185e+00 -9.985669e-01 4.827800e-02 2.309712e-02 2.169688e+02
2.375551e-02 1.359204e-02 9.996254e-01 -2.523598e+02 4.820283e-02 9.987290e-01 -1.472537e-02 -5.398703e+00 -9.985551e-01 4.853457e-02 2.307014e-02 2.169796e+02
2.382273e-02 1.409262e-02 9.996168e-01 -2.518108e+02 4.802847e-02 9.987299e-01 -1.522473e-02 -5.425246e+00 -9.985619e-01 4.837275e-02 2.311562e-02 2.169906e+02
2.392926e-02 1.518172e-02 9.995984e-01 -2.512615e+02 4.783546e-02 9.987220e-01 -1.631355e-02 -5.451758e+00 -9.985686e-01 4.820661e-02 2.317245e-02 2.170023e+02
2.425248e-02 1.677371e-02 9.995651e-01 -2.507123e+02 4.842516e-02 9.986658e-01 -1.793357e-02 -5.477629e+00 -9.985324e-01 4.883902e-02 2.340785e-02 2.170075e+02
2.455315e-02 1.839757e-02 9.995292e-01 -2.501664e+02 4.948010e-02 9.985828e-01 -1.959562e-02 -5.505164e+00 -9.984733e-01 4.993793e-02 2.360804e-02 2.170183e+02
2.452843e-02 1.953756e-02 9.995082e-01 -2.496233e+02 4.970986e-02 9.985483e-01 -2.073871e-02 -5.529581e+00 -9.984625e-01 5.019409e-02 2.352161e-02 2.170306e+02
2.499043e-02 1.926619e-02 9.995020e-01 -2.490830e+02 4.917652e-02 9.985801e-01 -2.047798e-02 -5.555011e+00 -9.984774e-01 4.966377e-02 2.400750e-02 2.170451e+02
2.522376e-02 1.760958e-02 9.995267e-01 -2.485409e+02 4.850018e-02 9.986459e-01 -1.881801e-02 -5.581165e+00 -9.985047e-01 4.895188e-02 2.433553e-02 2.170598e+02
2.537338e-02 1.609599e-02 9.995484e-01 -2.480000e+02 4.881143e-02 9.986578e-01 -1.732072e-02 -5.609989e+00 -9.984857e-01 4.922886e-02 2.455365e-02 2.170751e+02
2.596636e-02 1.558440e-02 9.995413e-01 -2.474625e+02 4.951051e-02 9.986313e-01 -1.685642e-02 -5.638190e+00 -9.984360e-01 4.992549e-02 2.515923e-02 2.170899e+02
2.658772e-02 1.529742e-02 9.995294e-01 -2.469266e+02 4.941164e-02 9.986405e-01 -1.659819e-02 -5.665572e+00 -9.984246e-01 4.982968e-02 2.579570e-02 2.171065e+02
2.702127e-02 1.559975e-02 9.995131e-01 -2.463947e+02 4.884650e-02 9.986632e-01 -1.690703e-02 -5.690987e+00 -9.984408e-01 4.927955e-02 2.622316e-02 2.171236e+02
2.764551e-02 1.679711e-02 9.994766e-01 -2.458628e+02 4.865428e-02 9.986511e-01 -1.812902e-02 -5.714971e+00 -9.984330e-01 4.912999e-02 2.679096e-02 2.171416e+02
2.864609e-02 1.730007e-02 9.994399e-01 -2.453299e+02 4.883269e-02 9.986321e-01 -1.868574e-02 -5.737016e+00 -9.983961e-01 4.934060e-02 2.776209e-02 2.171594e+02
2.985054e-02 1.631916e-02 9.994211e-01 -2.447985e+02 4.973073e-02 9.986042e-01 -1.779117e-02 -5.759278e+00 -9.983165e-01 5.023301e-02 2.899731e-02 2.171777e+02
3.105457e-02 1.597421e-02 9.993900e-01 -2.442756e+02 5.026492e-02 9.985822e-01 -1.752321e-02 -5.782688e+00 -9.982530e-01 5.077842e-02 3.020760e-02 2.171957e+02
3.217174e-02 1.810323e-02 9.993184e-01 -2.437539e+02 4.779331e-02 9.986643e-01 -1.963004e-02 -5.809748e+00 -9.983390e-01 4.839225e-02 3.126355e-02 2.172182e+02
3.336407e-02 2.236717e-02 9.991929e-01 -2.432385e+02 4.412060e-02 9.987419e-01 -2.383032e-02 -5.840219e+00 -9.984690e-01 4.488005e-02 3.233524e-02 2.172423e+02
3.449531e-02 2.665816e-02 9.990492e-01 -2.427233e+02 4.128383e-02 9.987529e-01 -2.807572e-02 -5.871536e+00 -9.985518e-01 4.221305e-02 3.335174e-02 2.172651e+02
3.578475e-02 3.061452e-02 9.988905e-01 -2.422098e+02 4.191006e-02 9.986053e-01 -3.210720e-02 -5.900070e+00 -9.984804e-01 4.301250e-02 3.445179e-02 2.172832e+02
3.723446e-02 3.373558e-02 9.987369e-01 -2.416977e+02 4.311618e-02 9.984450e-01 -3.533317e-02 -5.928176e+00 -9.983760e-01 4.437732e-02 3.572201e-02 2.173012e+02
3.794500e-02 3.514550e-02 9.986616e-01 -2.411846e+02 4.225643e-02 9.984309e-01 -3.674296e-02 -5.958643e+00 -9.983860e-01 4.359408e-02 3.640034e-02 2.173242e+02
3.816983e-02 3.423817e-02 9.986845e-01 -2.406696e+02 3.840193e-02 9.986243e-01 -3.570384e-02 -5.989240e+00 -9.985331e-01 3.971421e-02 3.680251e-02 2.173521e+02
3.843721e-02 3.300104e-02 9.987159e-01 -2.401595e+02 3.586767e-02 9.987649e-01 -3.438309e-02 -6.017363e+00 -9.986171e-01 3.714319e-02 3.720606e-02 2.173796e+02
3.883815e-02 3.159128e-02 9.987460e-01 -2.396467e+02 3.529865e-02 9.988329e-01 -3.296670e-02 -6.045720e+00 -9.986219e-01 3.653474e-02 3.767769e-02 2.174027e+02
3.910581e-02 3.018711e-02 9.987790e-01 -2.391327e+02 3.629233e-02 9.988411e-01 -3.160997e-02 -6.073875e+00 -9.985758e-01 3.748414e-02 3.796493e-02 2.174243e+02
3.923855e-02 3.061166e-02 9.987608e-01 -2.386237e+02 3.561076e-02 9.988528e-01 -3.201353e-02 -6.104958e+00 -9.985952e-01 3.682279e-02 3.810343e-02 2.174475e+02
3.882078e-02 3.264883e-02 9.987127e-01 -2.381164e+02 3.351334e-02 9.988612e-01 -3.395638e-02 -6.137935e+00 -9.986841e-01 3.478840e-02 3.768240e-02 2.174738e+02
3.804926e-02 3.493309e-02 9.986651e-01 -2.376103e+02 3.182269e-02 9.988395e-01 -3.615165e-02 -6.169457e+00 -9.987691e-01 3.315574e-02 3.689343e-02 2.174973e+02
3.678659e-02 3.640703e-02 9.986597e-01 -2.370981e+02 3.196637e-02 9.987818e-01 -3.758901e-02 -6.200318e+00 -9.988118e-01 3.330629e-02 3.557798e-02 2.175177e+02
3.507731e-02 3.814516e-02 9.986563e-01 -2.365889e+02 3.250283e-02 9.986991e-01 -3.928845e-02 -6.232098e+00 -9.988560e-01 3.383728e-02 3.379185e-02 2.175367e+02
3.333664e-02 3.946059e-02 9.986649e-01 -2.360822e+02 3.242949e-02 9.986514e-01 -4.054261e-02 -6.269469e+00 -9.989179e-01 3.373774e-02 3.201199e-02 2.175567e+02
3.170099e-02 3.840602e-02 9.987592e-01 -2.355687e+02 3.122255e-02 9.987357e-01 -3.939614e-02 -6.307022e+00 -9.990096e-01 3.243270e-02 3.046178e-02 2.175783e+02
3.005907e-02 3.701325e-02 9.988626e-01 -2.350527e+02 3.114937e-02 9.987941e-01 -3.794811e-02 -6.344166e+00 -9.990627e-01 3.225462e-02 2.886988e-02 2.175976e+02
2.860086e-02 3.635344e-02 9.989296e-01 -2.345341e+02 3.090190e-02 9.988286e-01 -3.723454e-02 -6.378826e+00 -9.991132e-01 3.193375e-02 2.744397e-02 2.176146e+02
2.699096e-02 3.575777e-02 9.989959e-01 -2.340136e+02 3.072229e-02 9.988582e-01 -3.658291e-02 -6.414708e+00 -9.991635e-01 3.167885e-02 2.586158e-02 2.176324e+02
2.596660e-02 3.416059e-02 9.990790e-01 -2.334872e+02 3.038957e-02 9.989271e-01 -3.494525e-02 -6.449287e+00 -9.992008e-01 3.126898e-02 2.490061e-02 2.176491e+02
2.477757e-02 3.279148e-02 9.991550e-01 -2.329593e+02 3.174397e-02 9.989320e-01 -3.357137e-02 -6.483526e+00 -9.991889e-01 3.254895e-02 2.371018e-02 2.176625e+02
2.356984e-02 3.159131e-02 9.992229e-01 -2.324293e+02 3.398514e-02 9.988976e-01 -3.238268e-02 -6.514251e+00 -9.991444e-01 3.472198e-02 2.247022e-02 2.176755e+02
2.229682e-02 2.917444e-02 9.993256e-01 -2.318898e+02 3.552537e-02 9.989197e-01 -2.995524e-02 -6.542106e+00 -9.991200e-01 3.616931e-02 2.123630e-02 2.176871e+02
2.107937e-02 2.604432e-02 9.994385e-01 -2.313641e+02 3.567676e-02 9.990043e-01 -2.678548e-02 -6.563978e+00 -9.991411e-01 3.622134e-02 2.012920e-02 2.176986e+02
1.977699e-02 2.327520e-02 9.995334e-01 -2.308250e+02 3.584838e-02 9.990696e-01 -2.397371e-02 -6.587092e+00 -9.991616e-01 3.630578e-02 1.892421e-02 2.177090e+02
1.848466e-02 2.053126e-02 9.996183e-01 -2.302815e+02 3.626184e-02 9.991176e-01 -2.119153e-02 -6.605310e+00 -9.991714e-01 3.663971e-02 1.772384e-02 2.177150e+02
1.753154e-02 1.753266e-02 9.996926e-01 -2.297503e+02 3.672062e-02 9.991604e-01 -1.816730e-02 -6.622958e+00 -9.991718e-01 3.702782e-02 1.687301e-02 2.177225e+02
1.654196e-02 1.546142e-02 9.997436e-01 -2.292135e+02 3.888088e-02 9.991142e-01 -1.609502e-02 -6.633655e+00 -9.991070e-01 3.913715e-02 1.592616e-02 2.177274e+02
1.531445e-02 1.431789e-02 9.997802e-01 -2.286811e+02 4.116102e-02 9.990408e-01 -1.493780e-02 -6.648381e+00 -9.990352e-01 4.138072e-02 1.471042e-02 2.177325e+02
1.388610e-02 1.399307e-02 9.998057e-01 -2.281497e+02 4.201351e-02 9.990108e-01 -1.456547e-02 -6.662940e+00 -9.990206e-01 4.220759e-02 1.328447e-02 2.177370e+02
1.251061e-02 1.393119e-02 9.998247e-01 -2.276202e+02 4.087223e-02 9.990601e-01 -1.443197e-02 -6.679276e+00 -9.990861e-01 4.104561e-02 1.192945e-02 2.177432e+02
1.043721e-02 1.390977e-02 9.998488e-01 -2.270920e+02 3.924951e-02 9.991270e-01 -1.430945e-02 -6.694727e+00 -9.991750e-01 3.939292e-02 9.882145e-03 2.177488e+02
7.438270e-03 1.399795e-02 9.998743e-01 -2.265657e+02 3.845960e-02 9.991582e-01 -1.427404e-02 -6.710349e+00 -9.992325e-01 3.856093e-02 6.893651e-03 2.177518e+02
3.412075e-03 1.403615e-02 9.998957e-01 -2.260386e+02 3.919704e-02 9.991312e-01 -1.415919e-02 -6.721710e+00 -9.992257e-01 3.924125e-02 2.858933e-03 2.177492e+02
-2.257767e-03 1.366449e-02 9.999041e-01 -2.255150e+02 4.117835e-02 9.990598e-01 -1.355998e-02 -6.738710e+00 -9.991493e-01 4.114377e-02 -2.818328e-03 2.177427e+02
-9.171211e-03 1.393464e-02 9.998608e-01 -2.249937e+02 4.200183e-02 9.990258e-01 -1.353774e-02 -6.757222e+00 -9.990755e-01 4.187181e-02 -9.747559e-03 2.177340e+02
-1.714320e-02 1.489604e-02 9.997421e-01 -2.244745e+02 4.217252e-02 9.990099e-01 -1.416198e-02 -6.776167e+00 -9.989633e-01 4.191885e-02 -1.775444e-02 2.177206e+02
-2.590660e-02 1.522114e-02 9.995485e-01 -2.239579e+02 4.134195e-02 9.990449e-01 -1.414197e-02 -6.792317e+00 -9.988092e-01 4.095691e-02 -2.651114e-02 2.177048e+02
-3.597172e-02 1.519843e-02 9.992372e-01 -2.234438e+02 4.143329e-02 9.990473e-01 -1.370398e-02 -6.804656e+00 -9.984936e-01 4.090872e-02 -3.656717e-02 2.176783e+02
-4.784764e-02 1.769840e-02 9.986978e-01 -2.229437e+02 4.291499e-02 9.989562e-01 -1.564692e-02 -6.820553e+00 -9.979323e-01 4.211043e-02 -4.855723e-02 2.176464e+02
-6.173616e-02 2.126102e-02 9.978660e-01 -2.224564e+02 4.594666e-02 9.987737e-01 -1.843773e-02 -6.836939e+00 -9.970344e-01 4.471033e-02 -6.263733e-02 2.176047e+02
-7.760603e-02 2.392901e-02 9.966969e-01 -2.219798e+02 4.770104e-02 9.986561e-01 -2.026190e-02 -6.856519e+00 -9.958423e-01 4.597102e-02 -7.864318e-02 2.175509e+02
-9.576382e-02 2.851919e-02 9.949954e-01 -2.215175e+02 4.825421e-02 9.985472e-01 -2.397676e-02 -6.873839e+00 -9.942338e-01 4.571660e-02 -9.700088e-02 2.174977e+02
-1.154381e-01 3.452164e-02 9.927146e-01 -2.210663e+02 4.996000e-02 9.983328e-01 -2.890741e-02 -6.894792e+00 -9.920575e-01 4.625900e-02 -1.169703e-01 2.174265e+02
-1.359327e-01 3.697362e-02 9.900279e-01 -2.206271e+02 5.342961e-02 9.981227e-01 -2.993996e-02 -6.918071e+00 -9.892763e-01 4.882698e-02 -1.376530e-01 2.173550e+02
-1.566958e-01 3.534337e-02 9.870143e-01 -2.201964e+02 5.601133e-02 9.980691e-01 -2.684702e-02 -6.941490e+00 -9.860574e-01 5.107715e-02 -1.583729e-01 2.172643e+02
-1.775629e-01 3.410354e-02 9.835183e-01 -2.197850e+02 6.020858e-02 9.979036e-01 -2.373240e-02 -6.965369e+00 -9.822660e-01 5.500224e-02 -1.792440e-01 2.171762e+02
-1.979141e-01 3.346746e-02 9.796478e-01 -2.193941e+02 6.367340e-02 9.977451e-01 -2.122206e-02 -6.987969e+00 -9.781492e-01 5.817735e-02 -1.995988e-01 2.170819e+02
-2.173146e-01 3.111401e-02 9.756056e-01 -2.190154e+02 6.527715e-02 9.977175e-01 -1.727884e-02 -7.010122e+00 -9.739165e-01 5.992980e-02 -2.188496e-01 2.169793e+02
-2.355481e-01 2.909621e-02 9.714270e-01 -2.186616e+02 6.620334e-02 9.977103e-01 -1.383071e-02 -7.029396e+00 -9.696052e-01 6.105390e-02 -2.369350e-01 2.168834e+02
-2.535686e-01 2.877161e-02 9.668894e-01 -2.183230e+02 6.706755e-02 9.976751e-01 -1.209911e-02 -7.042534e+00 -9.649896e-01 6.177894e-02 -2.549087e-01 2.167749e+02
-2.728152e-01 2.936817e-02 9.616181e-01 -2.180006e+02 6.801970e-02 9.976214e-01 -1.117025e-02 -7.053843e+00 -9.596589e-01 6.236155e-02 -2.741639e-01 2.166713e+02
-2.928695e-01 2.907210e-02 9.557103e-01 -2.176861e+02 6.787889e-02 9.976479e-01 -9.546901e-03 -7.065447e+00 -9.537400e-01 6.207655e-02 -2.941541e-01 2.165644e+02
-3.140615e-01 2.783480e-02 9.489945e-01 -2.173755e+02 6.772252e-02 9.976807e-01 -6.850643e-03 -7.075055e+00 -9.469842e-01 6.211676e-02 -3.152181e-01 2.164387e+02
-3.368969e-01 2.688225e-02 9.411577e-01 -2.170743e+02 6.837157e-02 9.976518e-01 -4.021605e-03 -7.085016e+00 -9.390558e-01 6.299355e-02 -3.379438e-01 2.163164e+02
-3.618213e-01 2.689154e-02 9.318595e-01 -2.167801e+02 6.962365e-02 9.975718e-01 -1.754482e-03 -7.092564e+00 -9.296440e-01 6.424464e-02 -3.628150e-01 2.161678e+02
-3.881518e-01 2.691298e-02 9.212024e-01 -2.164980e+02 7.099921e-02 9.974760e-01 7.744301e-04 -7.100396e+00 -9.188565e-01 6.570522e-02 -3.890829e-01 2.160276e+02
-4.152816e-01 2.687851e-02 9.092957e-01 -2.162249e+02 7.126798e-02 9.974525e-01 3.064158e-03 -7.108479e+00 -9.068970e-01 6.607614e-02 -4.161392e-01 2.158820e+02
-4.430150e-01 2.905026e-02 8.960434e-01 -2.159556e+02 7.189118e-02 9.974073e-01 3.207350e-03 -7.116668e+00 -8.936271e-01 6.583851e-02 -4.439549e-01 2.157086e+02
-4.709881e-01 3.342712e-02 8.815060e-01 -2.157038e+02 7.203336e-02 9.974020e-01 6.654084e-04 -7.127475e+00 -8.791937e-01 6.381122e-02 -4.721723e-01 2.155481e+02
-4.991620e-01 3.859450e-02 8.656487e-01 -2.154538e+02 7.198549e-02 9.974013e-01 -2.959395e-03 -7.137276e+00 -8.635134e-01 6.083692e-02 -5.006431e-01 2.153576e+02
-5.283970e-01 4.469885e-02 8.478199e-01 -2.152216e+02 7.247148e-02 9.973429e-01 -7.414762e-03 -7.137019e+00 -8.458986e-01 5.752481e-02 -5.302324e-01 2.151871e+02
-5.591042e-01 5.068214e-02 8.275469e-01 -2.149863e+02 7.174140e-02 9.973435e-01 -1.261149e-02 -7.139750e+00 -8.259877e-01 5.231822e-02 -5.612549e-01 2.149756e+02
-5.907253e-01 5.650380e-02 8.048919e-01 -2.147574e+02 7.157704e-02 9.972819e-01 -1.747797e-02 -7.137502e+00 -8.036917e-01 4.728708e-02 -5.931641e-01 2.147829e+02
-6.230620e-01 5.971421e-02 7.798897e-01 -2.145291e+02 7.072359e-02 9.972982e-01 -1.985885e-02 -7.135112e+00 -7.789685e-01 4.278329e-02 -6.256018e-01 2.145760e+02
-6.559770e-01 6.215734e-02 7.522171e-01 -2.142950e+02 7.128070e-02 9.972508e-01 -2.024412e-02 -7.126983e+00 -7.514075e-01 4.033887e-02 -6.586043e-01 2.143085e+02
-6.890701e-01 6.423905e-02 7.218419e-01 -2.140772e+02 7.376972e-02 9.971071e-01 -1.831526e-02 -7.121172e+00 -7.209303e-01 4.062957e-02 -6.918156e-01 2.140656e+02
-7.216969e-01 6.747193e-02 6.889130e-01 -2.138602e+02 7.909478e-02 9.967577e-01 -1.476344e-02 -7.116848e+00 -6.876755e-01 4.383468e-02 -7.246937e-01 2.137525e+02
-7.539941e-01 6.819752e-02 6.533314e-01 -2.136581e+02 8.252999e-02 9.965499e-01 -8.778284e-03 -7.115701e+00 -6.516761e-01 4.730065e-02 -7.570211e-01 2.134741e+02
-7.852460e-01 6.531401e-02 6.157295e-01 -2.134597e+02 8.189459e-02 9.966402e-01 -1.278465e-03 -7.118581e+00 -6.137443e-01 4.942100e-02 -7.879566e-01 2.131829e+02
-8.152940e-01 5.990361e-02 5.759403e-01 -2.132558e+02 7.815405e-02 9.969171e-01 6.944432e-03 -7.111335e+00 -5.737487e-01 5.067381e-02 -8.174623e-01 2.128186e+02
-8.437837e-01 5.714364e-02 5.336325e-01 -2.130776e+02 7.609467e-02 9.970084e-01 1.355752e-02 -7.107977e+00 -5.312614e-01 5.204619e-02 -8.456078e-01 2.124929e+02
-8.696546e-01 5.824598e-02 4.902124e-01 -2.129075e+02 7.783658e-02 9.967724e-01 1.965051e-02 -7.097534e+00 -4.874857e-01 5.524561e-02 -8.713814e-01 2.120864e+02
-8.926943e-01 5.697318e-02 4.470468e-01 -2.127536e+02 7.667098e-02 9.967154e-01 2.607710e-02 -7.089987e+00 -4.440928e-01 5.755439e-02 -8.941304e-01 2.117147e+02
-9.132763e-01 5.225533e-02 4.039750e-01 -2.125923e+02 7.035276e-02 9.970687e-01 3.007448e-02 -7.074716e+00 -4.012193e-01 5.588706e-02 -9.142755e-01 2.112775e+02
-9.309292e-01 4.769179e-02 3.620722e-01 -2.124522e+02 6.322400e-02 9.975126e-01 3.116474e-02 -7.066863e+00 -3.596853e-01 5.190381e-02 -9.316289e-01 2.108706e+02
-9.455550e-01 4.967962e-02 3.216485e-01 -2.123284e+02 6.282981e-02 9.975542e-01 3.062629e-02 -7.053341e+00 -3.193403e-01 4.916795e-02 -9.463637e-01 2.104336e+02
-9.573659e-01 5.442983e-02 2.837039e-01 -2.122150e+02 6.553159e-02 9.974060e-01 2.978126e-02 -7.040673e+00 -2.813470e-01 4.710313e-02 -9.584494e-01 2.099399e+02
-9.672677e-01 5.591605e-02 2.475209e-01 -2.121143e+02 6.489850e-02 9.974912e-01 2.827410e-02 -7.024880e+00 -2.453189e-01 4.341235e-02 -9.684699e-01 2.094566e+02
-9.757027e-01 5.394300e-02 2.123546e-01 -2.120125e+02 6.067226e-02 9.978371e-01 2.529608e-02 -7.005138e+00 -2.105308e-01 3.756548e-02 -9.768652e-01 2.089285e+02